md5
0.002103567123413086
0.0018992424011230469
0.0011599063873291016
0.0014464855194091797
0.0020477771759033203
0.001994609832763672
0.0019876956939697266
0.001994609832763672
0.0020134449005126953
0.0009944438934326172
sha1
0.0004904270172119141
0.000995635986328125
0.0009984970092773438
0.0009610652923583984
0.0009965896606445312
0.0010173320770263672
0.001953125
0.002041339874267578
0.001451253890991211
0.0019927024841308594
sha224
0.004003763198852539
0.002996683120727539
0.0029935836791992188
0.002950429916381836
0.0027284622192382812
0.003050565719604492
0.004094600677490234
0.0039904117584228516
0.0040302276611328125
0.00299072265625
sha256
0.002989053726196289
0.0027887821197509766
0.002989530563354492
0.003161191940307617
0.001993417739868164
0.0020394325256347656
0.00298309326171875
0.001996278762817383
0.0019822120666503906
0.0019927024841308594
sha384
0.0008413791656494141
0.0009949207305908203
0.001041412353515625
0.0013837814331054688
0.0019960403442382812
0.0009951591491699219
0.0010085105895996094
0.0020210742950439453
0.0019500255584716797
0.0010035037994384766
